image_width: 640
image_height: 480
camera_name: depth_1411060937
camera_matrix:
  rows: 3
  cols: 3
  data: [574.5853083764048, 0, 332.512858395463, 0, 575.8269465333104, 243.944216821262, 0, 0, 1]
distortion_model: plumb_bob
distortion_coefficients:
  rows: 1
  cols: 5
  data: [-0.01066519989308904, -0.002389280504325846, -0.001445462413294371, 0.003210754502918604, 0]
rectification_matrix:
  rows: 3
  cols: 3
  data: [1, 0, 0, 0, 1, 0, 0, 0, 1]
projection_matrix:
  rows: 3
  cols: 4
  data: [571.471923828125, 0, 333.8644712994574, 0, 0, 574.0863037109375, 242.9487449506996, 0, 0, 0, 1, 0]