image_width: 640
image_height: 480
camera_name: rgb_1411060937
camera_matrix:
  rows: 3
  cols: 3
  data: [544.7591339900516, 0, 326.5179379645598, 0, 545.3426517076789, 234.8476323653672, 0, 0, 1]
distortion_model: plumb_bob
distortion_coefficients:
  rows: 1
  cols: 5
  data: [0.03599967128056492, -0.08114120885565397, -0.002520036026032951, 0.004511736598472166, 0]
rectification_matrix:
  rows: 3
  cols: 3
  data: [1, 0, 0, 0, 1, 0, 0, 0, 1]
projection_matrix:
  rows: 3
  cols: 4
  data: [545.3461303710938, 0, 328.7099173041315, 0, 0, 547.672607421875, 233.3941713306194, 0, 0, 0, 1, 0]